1496325606,0,0,0
1496329204,0,0,0
1496332803,0,0,0
1496336405,138,47396,178
1496340001,71.4,47533,100
1496343601,0,0,0
1496347201,15,47369,26
1496350801,7.8,47271,15
1496354401,24,47283,53
1496358001,49.8,47360,69
1496361604,0,0,0
1496365201,0,0,0
1496368802,0,0,0
1496372401,0,0,0
1496376003,0,0,0
1496379601,0,0,0
1496383201,0,0,0
1496386803,0,0,0
1496390401,1.2,49744,2
1496394001,0,0,0
1496397601,0,0,0
1496401201,0,0,0
1496404809,0.6,11046,15
1496408401,0,0,0
1496412001,0,0,0
1496415604,0,0,0
1496419201,0,0,0
1496422801,0,0,0
1496426404,30.6,47467,41
1496430001,4.8,47431,13
1496433604,23.4,47250,45
1496437204,24,47270,39
1496440801,0,0,0
1496444401,0,0,0
1496448001,3.6,47288,10
1496451601,118.2,47412,200
1496455201,74.4,47358,108
1496458801,6.6,47421,10
1496462401,0,0,0
1496466001,0,0,0
1496469601,0,0,0
1496473201,0,0,0
1496476801,0,0,0
1496480401,0,0,0
1496484001,0,0,0
1496487605,0,0,0
1496491201,0.6,10806,15
1496494801,0,0,0
1496498401,1.8,49744,2
1496502004,0,0,0
1496505601,0,0,0
1496509201,0,0,0
1496512802,0,0,0
1496516401,0,0,0
1496520003,0,0,0
1496523604,7.8,47628,15
1496527205,0,0,0
1496530801,6,47236,15
1496534401,6.6,47245,15
1496538001,0,0,0
1496541601,0,0,0
1496545204,0,0,0
1496548807,0,0,0
1496552401,0,0,0
1496556001,0,0,0
1496559604,0,0,0
1496563201,0,0,0
1496566801,0,0,0
1496570401,0,0,0
1496574004,0,0,0
1496577603,0.6,10630,15
1496581201,0,0,0
1496584804,0,0,0
1496588401,0,0,0
1496592001,57,47456,86
1496595601,93.6,47366,140
1496599203,4.2,47540,8
1496602801,0,0,0
1496606402,0,0,0
1496610001,0,0,0
1496613601,0,0,0
1496617201,0,0,0
1496620801,0,0,0
1496624401,0,0,0
1496628004,0,0,0
1496631604,0,0,0
1496635201,0,0,0
1496638801,0,0,0
1496642401,0,0,0
1496646004,0,0,0
1496649601,0,0,0
1496653201,0,0,0
1496656801,0,0,0
1496660401,0,0,0
1496664004,0,0,0
1496667601,0.6,10689,15
1496671201,0,0,0
1496674804,0,0,0
1496678401,0,0,0
1496682006,0,0,0
1496685601,7.8,47522,16
1496689205,1.8,48747,3
1496692804,7.8,47387,16
1496696404,0,0,0
1496700001,0,0,0
1496703601,0,0,0
1496707201,0,0,0
1496710801,0,0,0
1496714402,0,0,0
1496718004,0,0,0
1496721601,7.2,47648,15
1496725204,6,47312,15
1496728801,0,0,0
1496732401,6,47253,15
1496736001,0,0,0
1496739601,0,0,0
1496743201,0,0,0
1496746803,0,0,0
1496750401,0,0,0
1496754001,0.6,10750,15
1496757601,0,0,0
1496761203,104.4,47404,138
1496764801,38.4,47551,56
1496768401,8.4,47919,19
1496772003,0,0,0
1496775601,7.2,47230,15
1496779204,0,47024,2
1496782806,0,0,0
1496786405,0,0,0
1496790003,0,0,0
1496793604,0,0,0
1496797201,0,0,0
1496800801,6.6,47258,15
1496804401,2.4,47632,4
1496808001,0,0,0
1496811601,0,0,0
1496815201,0,0,0
1496818801,7.2,47648,15
1496822401,0,0,0
1496826001,0,0,0
1496829601,0,0,0
1496833201,0,0,0
1496836801,1.8,47244,4
1496840401,0.6,11049,15
1496844001,0,0,0
1496847604,0,0,0
1496851203,0,0,0
1496854801,0,0,0
1496858401,7.8,47546,15
1496862001,10.2,47420,20
1496865601,0,0,0
1496869201,7.2,47245,15
1496872801,0,0,0
1496876401,6.6,47236,15
1496880001,8.4,47245,15
1496883601,0,0,0
1496887201,0,0,0
1496890801,0,0,0
1496894401,0,0,0
1496898004,0,0,0
1496901601,0,0,0
1496905201,0,0,0
1496908801,0,0,0
1496912401,0,0,0
1496916001,0,0,0
1496919601,0,0,0
1496923201,0,0,0
1496926801,0.6,10631,15
1496930405,0,0,0
1496934004,0,0,0
1496937601,0,0,0
1496941201,0,0,0
1496944807,7.8,47639,15
1496948401,6.6,47230,15
1496952003,0,0,0
1496955601,0,0,0
1496959201,0,0,0
1496962801,0,47024,2
1496966401,0,0,0
1496970001,0,0,0
1496973604,0,0,0
1496977201,0,0,0
1496980804,0,0,0
1496984403,6.6,47559,15
1496988001,6,47253,15
1496991601,0,0,0
1496995201,6,47253,15
1496998801,0,0,0
1497002401,0,0,0
1497006001,0,0,0
1497009601,0,0,0
1497013201,0.6,10748,15
1497016801,0,0,0
1497020401,0,0,0
1497024001,7.8,47648,15
1497027601,0,0,0
1497031201,0,0,0
1497034801,0,0,0
1497038403,0,0,0
1497042001,0,0,0
1497045601,0,0,0
1497049204,0,0,0
1497052801,0,0,0
1497056402,0,0,0
1497060001,0,0,0
1497063601,0,0,0
1497067205,0,0,0
1497070801,0,0,0
1497074401,0,0,0
1497078002,0,0,0
1497081601,0,0,0
1497085201,0,0,0
1497088803,0,0,0
1497092401,0,0,0
1497096001,0,0,0
1497099601,0.6,11200,5
1497103201,0,0,0
1497106801,0,0,0
1497110401,0,0,0
1497114001,0,0,0
1497117601,0,0,0
1497121201,0,0,0
1497124801,0,0,0
1497128404,0,0,0
1497132001,0,0,0
1497135601,0,0,0
1497139201,0,0,0
1497142801,0,0,0
1497146404,0,0,0
1497150001,0,0,0
1497153601,0,0,0
1497157203,0,0,0
1497160806,0,0,0
1497164401,0,0,0
1497168001,0,0,0
1497171601,0,0,0
1497175201,1.8,50592,2
1497178801,0,0,0
1497182403,0,0,0
1497186001,0.6,10635,15
1497189601,0,0,0
1497193201,0,0,0
1497196804,0,0,0
1497200401,0,0,0
1497204001,0,0,0
1497207601,0,0,0
1497211201,0,0,0
1497214803,0,0,0
1497218401,0,0,0
1497222001,0,0,0
1497225601,0,0,0
1497229201,0,0,0
1497232801,0,0,0
1497236401,0,0,0
1497240001,0,0,0
1497243601,0,0,0
1497247201,0,0,0
1497250801,0,0,0
1497254402,0,0,0
1497258001,0,0,0
1497261601,0,0,0
1497265201,0,0,0
1497268803,0,0,0
1497272401,0,0,0
1497276005,0,0,0
1497279603,0,0,0
1497283204,0,0,0
1497286801,0,0,0
1497290404,0,0,0
1497294004,0,0,0
1497297604,0,0,0
1497301204,0,0,0
1497304801,0,0,0
1497308401,0,0,0
1497312001,0,0,0
1497315605,0,0,0
1497319201,7.8,47636,15
1497322801,0,0,0
1497326401,6.6,47646,15
1497330004,0,0,0
1497333601,0,0,0
1497337201,0,0,0
1497340801,0,0,0
1497344401,0,0,0
1497348002,0,0,0
1497351604,0,0,0
1497355201,3,47523,6
1497358801,0.6,10755,15
1497362409,1.8,47472,2
1497366004,2.4,49046,5
1497369601,0,0,0
1497373204,9.6,47637,15
1497376801,10.2,47385,19
1497380404,6.6,47245,15
1497384003,0,0,0
1497387601,0,0,0
1497391203,0,0,0
1497394802,7.8,47549,14
1497398401,10.8,47297,21
1497402001,1.8,47269,3
1497405601,0,0,0
1497409201,0,0,0
1497412801,0,0,0
1497416401,0,0,0
1497420003,0,0,0
1497423601,0,0,0
1497427201,0,0,0
1497430801,0,0,0
1497434403,0,0,0
1497438001,0,0,0
1497441606,0,0,0
1497445201,19.2,39619,69
1497448801,225,47917,302
1497452401,203.4,47901,279
1497456001,162.6,47951,233
1497459601,1.8,47792,2
1497463201,129.6,47992,176
1497466801,226.2,47935,297
1497470404,118.8,47991,161
1497474005,5.4,48490,11
1497477601,0,47584,1
1497481201,0,0,0
1497484801,0,0,0
1497488404,0,0,0
1497492001,0,0,0
1497495601,0,0,0
1497499201,1.2,50280,2
1497502803,1.2,49504,2
1497506403,0,0,0
1497510002,0,0,0
1497513603,0,0,0
1497517201,0,0,0
1497520801,0,0,0
1497524401,0,0,0
1497528001,1.2,48341,3
1497531601,169.2,45917,275
1497535201,201,47934,301
1497538803,1.8,47774,7
1497542401,0,0,0
1497546001,0,0,0
1497549601,7.8,48174,15
1497553201,0,0,0
1497556803,6.6,47770,15
1497560401,6,47782,15
1497564001,6,47777,15
1497567601,0,0,0
1497571201,0,0,0
1497574801,0,0,0
1497578404,0,0,0
1497582003,0,47568,1
1497585601,0,0,0
1497589202,0,0,0
1497592801,0,0,0
1497596401,0,0,0
1497600001,0,0,0
1497603601,0,0,0
1497607201,0,0,0
1497610804,0,0,0
1497614403,0,0,0
1497618001,0.6,10674,15
1497621601,0,0,0
1497625201,0,0,0
1497628801,11.4,48357,24
1497632401,0,0,0
1497636001,7.2,48098,15
1497639604,0,0,0
1497643201,9.6,47834,20
1497646801,0,0,0
1497650401,0,0,0
1497654001,0,0,0
1497657603,0,0,0
1497661201,0,0,0
1497664801,1.8,47792,4
1497668401,0,0,0
1497672001,0,0,0
1497675601,0,0,0
1497679201,0,0,0
1497682801,0,0,0
1497686401,0,0,0
1497690001,0,0,0
1497693601,0,0,0
1497697204,0,0,0
1497700801,0,0,0
1497704401,0.6,10767,15
1497708001,0,47552,1
1497711601,0,0,0
1497715201,0,0,0
1497718801,0,0,0
1497722401,0,0,0
1497726001,0,0,0
1497729601,0,0,0
1497733201,0,0,0
1497736803,0,0,0
1497740401,0,0,0
1497744001,0,0,0
1497747601,0,0,0
1497751201,0,0,0
1497754801,0,0,0
1497758402,0,0,0
1497762001,0,0,0
1497765601,0,0,0
1497769201,0,0,0
1497772801,0,0,0
1497776402,0,0,0
1497780003,0,0,0
1497783603,0,0,0
1497787201,0,0,0
1497790804,0.6,10671,15
1497794406,0,0,0
1497798001,0,0,0
1497801602,0,0,0
1497805201,0,0,0
1497808801,0,0,0
1497812401,0,0,0
1497816003,0,0,0
1497819601,0,0,0
1497823201,0,0,0
1497826801,0,0,0
1497830403,0,0,0
1497834001,0,0,0
1497837601,0,0,0
1497841201,0,0,0
1497844802,0,0,0
1497848401,0,0,0
1497852001,0,0,0
1497855601,0,0,0
1497859201,0,0,0
1497862801,0,0,0
1497866401,4.8,48457,7
1497870001,0,0,0
1497873601,0,0,0
1497877210,0.6,10675,15
1497880801,0,0,0
1497884401,0,0,0
1497888001,0,0,0
1497891601,0,0,0
1497895201,0,0,0
1497898801,10.2,48363,17
1497902401,0,0,0
1497906003,0,0,0
1497909601,0,0,0
1497913201,0,0,0
1497916801,0,0,0
1497920401,0,0,0
1497924001,0,0,0
1497927601,1.8,48069,3
1497931201,0,47584,2
1497934801,0,0,0
1497938401,0,0,0
1497942001,0,0,0
1497945601,0,0,0
1497949201,0,0,0
1497952801,0,0,0
1497956401,0,0,0
1497960001,0,0,0
1497963602,0.6,10661,15
1497967201,0,0,0
1497970807,9,48372,17
1497974403,0,0,0
1497978001,0,0,0
1497981601,9.6,48152,17
1497985201,0,0,0
1497988801,9,47800,17
1497992404,7.2,47795,16
1497996001,8.4,47811,17
1497999601,7.8,47805,17
1498003204,0,0,0
1498006801,0,0,0
1498010401,0,0,0
1498014003,6.6,47782,15
1498017601,7.2,48188,15
1498021201,6.6,48092,15
1498024801,0,0,0
1498028401,6,47795,15
1498032001,0,0,0
1498035601,0,0,0
1498039201,0,0,0
1498042801,0,0,0
1498046401,0,0,0
1498050001,0.6,10960,15
1498053603,8.4,47806,17
1498057204,9,47791,15
1498060801,7.2,48253,15
1498064401,0,0,0
1498068001,7.2,48097,15
1498071601,8.4,47781,15
1498075201,0,0,0
1498078801,0,0,0
1498082401,0,0,0
1498086001,0,0,0
1498089603,0,0,0
1498093201,0,0,0
1498096801,0,0,0
1498100401,0,0,0
1498104002,12.6,47958,29
1498107601,16.8,48185,30
1498111201,210,47889,328
1498114801,4.2,48418,10
1498118401,0,0,0
1498122001,0,0,0
1498125601,0,0,0
1498129201,0,0,0
1498132806,0,0,0
1498136401,3,21388,21
1498140004,0,0,0
1498143601,8.4,47806,17
1498147201,9.6,48153,17
1498150804,248.4,47908,342
1498154401,168.6,47908,221
1498158001,7.8,47781,15
1498161601,0,0,0
1498165208,4.2,48000,5
1498168801,0,0,0
1498172401,0,0,0
1498176001,0,0,0
1498179609,0,0,0
1498183201,0,0,0
1498186804,0,0,0
1498190410,0,0,0
1498194008,0,0,0
1498197601,0,0,0
1498201201,0,0,0
1498204801,0,0,0
1498208401,0,0,0
1498212001,0,0,0
1498215610,0,0,0
1498219201,0,0,0
1498222801,0.6,10769,15
1498226401,0,0,0
1498230014,0,0,0
1498233601,0,0,0
1498237201,10.2,48181,15
1498240801,0,0,0
1498244401,0,0,0
1498248001,0,0,0
1498251601,0,0,0
1498255201,0,0,0
1498258801,0,0,0
1498262402,0,0,0
1498266005,0,0,0
1498269601,0,0,0
1498273201,0,0,0
1498276801,20.4,48243,51
1498280401,210.6,47927,326
1498284001,66.6,40521,161
1498287601,0,0,0
1498291201,6,47776,15
1498294801,0,0,0
1498298404,0,0,0
1498302001,0,0,0
1498305601,0,0,0
1498309201,0.6,10673,15
1498312801,0,0,0
1498316401,0,0,0
1498320002,0,0,0
1498323601,0,0,0
1498327205,10.8,48379,20
1498330802,171,47904,253
1498334401,102.6,47911,151
1498338001,0,0,0
1498341601,1.2,48064,2
1498345208,0,0,0
1498348801,0,0,0
1498352401,0,0,0
1498356001,0,0,0
1498359606,0,0,0
1498363207,0,0,0
1498366807,0,0,0
1498370401,0,0,0
1498374007,0,0,0
1498377601,0,0,0
1498381207,0,0,0
1498384801,0,0,0
1498388406,0,0,0
1498392001,0,0,0
1498395601,0.6,10675,15
1498399201,0,0,0
1498402801,0,0,0
1498406401,0,0,0
1498410006,0,0,0
1498413601,7.8,48228,15
1498417201,0,0,0
1498420801,6.6,47817,15
1498424401,0,0,0
1498428001,1.8,47877,3
1498431607,0,0,0
1498435206,6.6,47782,15
1498438801,0,0,0
1498442401,6,47817,15
1498446001,0,0,0
1498449601,6.6,48082,15
1498453201,0,0,0
1498456801,6,47890,15
1498460401,0,0,0
1498464001,0,0,0
1498467601,0,0,0
1498471201,0,0,0
1498474801,0,0,0
1498478405,0,0,0
1498482001,11.4,39412,62
1498485606,0,0,0
1498489201,0,0,0
1498492801,0,0,0
1498496401,1.8,50304,2
1498500012,15.6,47815,31
1498503605,12.6,47883,36
1498507201,0,0,0
1498510801,0,0,0
1498514414,0,0,0
1498518001,0,0,0
1498521608,0,0,0
1498525201,6.6,47852,15
1498528806,0,0,0
1498532401,0,0,0
1498536005,6.6,48083,15
1498539601,7.2,48071,15
1498543207,1.2,47832,2
1498546801,6,47780,15
1498550401,0,0,0
1498554002,0,0,0
1498557601,0,0,0
1498561201,0,0,0
1498564801,0,0,0
1498568405,0.6,10676,15
1498572001,0,0,0
1498575601,0,0,0
1498579201,1.8,50088,2
1498582801,7.8,48165,15
1498586401,0,0,0
1498590001,0,0,0
1498593607,0,0,0
1498597201,0,0,0
1498600802,0,0,0
1498604409,0,0,0
1498608008,0,0,0
1498611601,0,0,0
1498615201,0,0,0
1498618801,7.2,47786,17
1498622408,0,0,0
1498626001,6.6,48087,15
1498629607,0,0,0
1498633201,0,0,0
1498636802,0,0,0
1498640401,0,0,0
1498644001,0,0,0
1498647601,0,0,0
1498651205,0,0,0
1498654801,0.6,10675,15
1498658401,0,0,0
1498662004,10.8,47817,22
1498665601,16.2,48004,32
1498669201,7.2,48319,15
1498672806,6.6,47777,15
1498676401,0,0,0
1498680001,8.4,47778,15
1498683602,7.8,47777,15
1498687201,0,0,0
1498690801,0,0,0
1498694413,6.6,47787,15
1498698007,0,0,0
1498701601,3,48217,7
1498705201,0,0,0
1498708801,6,47870,14
1498712401,6,48090,15
1498716002,0,0,0
1498719601,0,0,0
1498723201,0,0,0
1498726801,0,0,0
1498730401,0,0,0
1498734006,0,0,0
1498737601,0,0,0
1498741208,0.6,10771,15
1498744806,8.4,47806,17
1498748408,0,0,0
1498752008,0,0,0
1498755605,18,48039,34
1498759201,6.6,47845,15
1498762801,0,0,0
1498766401,0,0,0
1498770005,0,0,0
1498773601,0,0,0
1498777208,10.2,47773,28
1498780808,0,0,0
1498784401,48.6,47940,83
1498788001,73.8,47865,152
1498791601,19.8,47866,62
1498795201,0,0,0
1498798807,0,0,0
1498802401,0,47552,1
1498806001,9.6,48333,35
1498809601,0,0,0
1498813201,0,0,0
1498816804,0,0,0
1498820411,0,0,0
1498824001,0,0,0
1498827601,0.6,10870,15
1498831201,0,0,0
1498834805,0,0,0
1498838402,0,0,0
1498842001,0,0,0
1498845601,0,0,0
1498849201,0,0,0
1498852801,0,0,0
1498856401,8.4,48175,15
1498860001,0,0,0
1498863601,0,0,0
1498867201,0,0,0
1498870801,0,0,0
1498874401,0,0,0
1498878002,0,0,0
1498881601,0,0,0
1498885201,0,0,0
1498888801,0,0,0
1498892402,0,0,0
1498896001,0,0,0
1498899601,0,0,0
1498903201,0,0,0
1498906801,0,0,0
1498910401,0,0,0
1498914001,0.6,11233,5
1498917601,0,0,0
1498921201,0,0,0
1498924801,0,0,0
1498928401,0,0,0
1498932001,0,0,0
1498935601,0,0,0
1498939201,0,0,0
1498942801,0,0,0
1498946410,0,0,0
1498950001,0,0,0
1498953601,7.2,48112,15
1498957201,6,47777,15
1498960801,0,0,0
1498964407,1.8,47749,3
1498968001,0,0,0
1498971601,0,0,0
1498975206,0,0,0
1498978801,0,0,0
1498982407,0,0,0
1498986001,4.8,48434,9
1498989601,0,0,0
1498993208,0,0,0
1498996801,6,47845,15
1499000401,0.6,10770,15
1499004010,0,0,0
1499007601,0,0,0
1499011201,0,0,0
1499014806,0,0,0
1499018401,0,0,0
1499022001,6.6,48083,15
1499025601,0,0,0
1499029202,0,0,0
1499032801,6.6,47777,15
1499036401,0,0,0
1499040001,0,0,0
1499043601,0,0,0
1499047201,0,0,0
1499050801,0,0,0
1499054405,0,0,0
1499058001,0,0,0
1499061601,0,0,0
1499065201,0,0,0
1499068801,0,0,0
1499072401,0,0,0
1499076001,0,0,0
1499079601,0,0,0
1499083201,0,0,0
1499086801,0.6,11231,5
1499090405,0,0,0
1499094006,0,0,0
1499097601,0,0,0
1499101201,0,0,0
1499104801,0,0,0
1499108401,15.6,48068,31
1499112007,0,0,0
1499115601,3,47741,6
1499119207,0,0,0
1499122801,0,0,0
1499126401,0,0,0
1499130002,0,0,0
1499133609,6.6,47852,15
1499137201,0,0,0
1499140801,6.6,48085,15
1499144401,7.2,48071,15
1499148001,0,0,0
1499151601,6,47845,15
1499155201,0,0,0
1499158801,0,0,0
1499162401,0,0,0
1499166004,0,0,0
1499169601,3,47863,7
1499173205,49.8,41479,87
1499176801,199.8,47880,276
1499180401,57.6,47966,112
1499184004,4.8,50926,7
1499187604,43.8,47989,74
1499191206,42.6,48034,103
1499194801,31.8,48289,55
1499198403,303,47950,417
1499202004,115.2,48046,209
1499205601,607.2,47904,838
1499209201,1081.2,47913,1538
1499212801,256.8,47903,373
1499216401,4.8,48557,10
1499220003,13.2,48213,21
1499223601,0,0,0
1499227201,0,0,0
1499230801,0,0,0
1499234401,0,0,0
1499238001,0,0,0
1499241601,0,0,0
1499245201,0,0,0
1499248801,0,0,0
1499252401,0,0,0
1499256004,0,0,0
1499259607,6,23291,22
1499263205,3.6,47978,8
1499266801,22.8,47825,62
1499270401,9.6,48107,18
1499274001,0,0,0
1499277602,9.6,48281,17
1499281204,10.2,48184,29
1499284801,0,0,0
1499288401,8.4,47781,17
1499292001,0,0,0
1499295602,0,0,0
1499299201,0,0,0
1499302801,0,0,0
1499306401,3,47797,6
1499310004,7.2,47787,17
1499313601,0,0,0
1499317201,0,0,0
1499320801,0,0,0
1499324403,0,0,0
1499328001,0,0,0
1499331601,0,0,0
1499335201,0,0,0
1499338801,0,0,0
1499342401,0,0,0
1499346001,0.6,11156,15
1499349601,0,0,0
1499353201,8.4,47942,26
1499356801,1.8,50280,2
1499360401,0,0,0
1499364001,97.8,48100,148
1499367601,53.4,47980,69
1499371204,7.8,47781,17
1499374801,0,0,0
1499378401,0,0,0
1499382003,0,0,0
1499385604,0,0,0
1499389202,0,0,0
1499392801,0,0,0
1499396406,0,0,0
1499400001,0,0,0
1499403601,0,0,0
1499407201,0,0,0
1499410801,0,0,0
1499414401,0,0,0
1499418001,0,0,0
1499421601,0,0,0
1499425201,0,0,0
1499428804,0,0,0
1499432402,8.4,34681,41
1499436005,0,0,0
1499439601,0,0,0
1499443201,0,0,0
1499446801,8.4,48171,16
1499450403,0,0,0
1499454001,9.6,47967,18
1499457604,0,0,0
1499461201,0,0,0
1499464803,1.8,47744,3
1499468401,0,0,0
1499472001,0,0,0
1499475601,0,0,0
1499479201,0,0,0
1499482801,0,0,0
1499486401,0,0,0
1499490001,0,0,0
1499493601,0,0,0
1499497201,0,0,0
1499500801,0,0,0
1499504403,0,0,0
1499508001,0,0,0
1499511601,0,0,0
1499515201,0,0,0
1499518801,3,18875,19
1499522401,0,0,0
1499526003,0,0,0
1499529601,0,0,0
1499533201,0,0,0
1499536801,0,0,0
1499540401,0,0,0
1499544001,1.8,50280,2
1499547604,0,0,0
1499551201,0,0,0
1499554801,6,47852,15
1499558402,0,0,0
1499562003,0,0,0
1499565601,0,0,0
1499569204,0,0,0
1499572801,0,0,0
1499576401,0,0,0
1499580001,0,0,0
1499583603,3.6,48324,8
1499587206,0,0,0
1499590803,0,0,0
1499594401,0,0,0
1499598003,0,0,0
1499601604,0,0,0
1499605201,7.8,32862,37
1499608801,0,0,0
1499612401,0,0,0
1499616001,10.2,48086,22
1499619601,180,47903,284
1499623201,34.2,48101,57
1499626805,7.2,47956,15
1499630401,11.4,47722,39
1499634001,0,0,0
1499637601,0,0,0
1499641204,0,0,0
1499644802,0,0,0
1499648401,0,0,0
1499652001,0,0,0
1499655603,0,0,0
1499659203,0,0,0
1499662801,0,0,0
1499666401,0,0,0
1499670001,7.2,48108,15
1499673601,0,0,0
1499677201,0,0,0
1499680801,0,0,0
1499684403,0,0,0
1499688001,0,0,0
1499691601,0.6,11063,15
1499695206,13.8,48154,28
1499698801,0,0,0
1499702401,5.4,48938,11
1499706001,19.2,48054,37
1499709607,253.8,47899,354
1499713201,292.8,47914,371
1499716804,82.8,47932,110
1499720403,0,0,0
1499724001,0,0,0
1499727603,0,0,0
1499731203,1.2,47862,5
1499734801,0,0,0
1499738401,138,47915,212
1499742001,50.4,47775,123
1499745605,10.8,45490,29
1499749203,1.2,48224,2
1499752801,13.2,48239,34
1499756404,134.4,47873,217
1499760001,237.6,47899,389
1499763601,134.4,47930,217
1499767203,25.8,47974,40
1499770801,4.8,48001,11
1499774401,0,0,0
1499778004,21,39344,64
1499781603,13.2,48136,23
1499785204,0,0,0
1499788801,94.2,47932,139
1499792401,54,47910,84
1499796007,12,48105,31
1499799601,15.6,48281,45
1499803201,2.4,48022,5
1499806803,647.4,48092,1061
1499810403,261,48054,500
1499814003,1596.6,47974,2368
1499817601,474,47910,699
1499821201,129.6,48095,191
1499824803,96,48091,142
1499828404,21,48083,32
1499832001,98.4,48174,151
1499835603,131.4,48118,189
1499839201,69.6,48150,103
1499842801,90.6,48119,135
1499846403,0,0,0
1499850005,0,0,0
1499853602,0,0,0
1499857204,0,0,0
1499860801,0,0,0
1499864401,0.6,11246,15
1499868001,1.8,48208,3
1499871605,16.2,47822,56
1499875201,6,48606,7
1499878801,0,0,0
1499882401,3.6,48813,5
1499886001,0,0,0
1499889603,18,47915,41
1499893201,14.4,47975,28
1499896801,15,48132,40
1499900401,7.8,47894,27
1499904003,10.8,47782,29
1499907601,13.8,47779,46
1499911201,7.2,47799,17
1499914804,13.8,48008,38
1499918401,0,47552,1
1499922001,0,0,0
1499925601,0,0,0
1499929201,0,0,0
1499932801,0,0,0
1499936401,0,0,0
1499940001,0,0,0
1499943601,0,0,0
1499947201,0,0,0
1499950804,0.6,11437,15
1499954401,0,0,0
1499958001,0,0,0
1499961601,0,0,0
1499965201,0,0,0
1499968803,0,0,0
1499972401,14.4,47892,51
1499976001,16.2,47756,65
1499979603,7.8,47799,17
1499983201,0,0,0
1499986801,0,0,0
1499990401,0,0,0
1499994001,0,0,0
1499997601,57,48138,127
1500001201,384.6,47914,690
1500004801,0,20616,2
1500008401,0,0,0
1500012001,0,0,0
1500015601,0,0,0
1500019201,0,0,0
1500022801,0,0,0
1500026404,0,0,0
1500030001,0,0,0
1500033601,0,0,0
1500037205,1.2,15219,17
1500040805,0,0,0
1500044403,0,0,0
1500048003,9,48387,17
1500051601,0,0,0
1500055201,14.4,48100,29
1500058801,0,0,0
1500062401,1.8,48480,3
1500066001,0,0,0
1500069601,0,0,0
1500073201,0,0,0
1500076803,0,0,0
1500080401,0,0,0
1500084001,0,0,0
1500087603,0,0,0
1500091201,0,0,0
1500094801,0,47560,2
1500098401,0,0,0
1500102001,0,47568,2
1500105601,0,0,0
1500109201,0,0,0
1500112801,0,0,0
1500116401,0,0,0
1500120001,0,0,0
1500123602,4.2,21919,21
1500127204,6.6,48139,9
1500130801,0,0,0
1500134401,0,0,0
1500138001,0,0,0
1500141601,0,0,0
1500145201,0,0,0
1500148801,0,0,0
1500152401,3.6,49006,8
1500156001,0,0,0
1500159601,1.2,48523,3
1500163201,0,0,0
1500166801,0,0,0
1500170403,0,0,0
1500174005,0,0,0
1500177601,0,0,0
1500181204,0,0,0
1500184804,0,0,0
1500188401,0,0,0
1500192001,0,0,0
1500195605,0,0,0
1500199201,0,0,0
1500202801,0,0,0
1500206405,0,0,0
1500210001,0.6,10674,15
1500213601,0,0,0
1500217201,0,0,0
1500220803,2.4,50555,3
1500224401,0,0,0
1500228001,0,0,0
1500231604,0,0,0
1500235201,3,48327,12
1500238801,4.8,48237,10
1500242401,1.2,47733,3
1500246001,0,47552,1
1500249601,0,0,0
1500253201,0,0,0
1500256801,0,0,0
1500260401,7.8,47940,17
1500264001,0,0,0
1500267601,0,0,0
1500271201,0,0,0
1500274801,0,0,0
1500278401,6,48318,17
1500282001,3.6,47881,7
1500285601,0,0,0
1500289201,0,0,0
1500292801,0,0,0
1500296401,21.6,39897,66
1500300001,2.4,48002,7
1500303606,8.4,48406,19
1500307201,0,0,0
1500310804,0,0,0
1500314405,10.2,48196,27
1500318001,8.4,47809,15
1500321604,222,47963,269
1500325201,178.2,47992,228
1500328803,0,47552,1
1500332401,10.8,47925,27
1500336004,2.4,47701,6
1500339601,3.6,47977,9
1500343201,15.6,48046,38
1500346801,13.8,47953,30
1500350405,7.8,45295,19
1500354001,0,0,0
1500357601,9,48715,13
1500361201,0,0,0
1500364801,0,0,0
1500368401,0,0,0
1500372001,0,0,0
1500375601,0,0,0
1500379203,0,0,0
1500382804,0.6,11421,15
1500386404,3,47957,3
1500390004,11.4,48178,20
1500393604,4.8,48194,10
1500397201,1.8,51288,2
1500400801,19.2,48071,35
1500404401,3.6,47786,8
1500408001,51.6,48072,82
1500411605,318,47987,408
1500415201,403.2,48030,625
1500418801,1256.4,47987,1745
1500422401,1275,47936,1755
1500426001,373.8,47957,532
1500429604,351.6,47965,482
1500433201,190.2,47965,269
1500436804,234.6,47973,347
1500440401,0,47552,1
1500444001,0,0,0
1500447601,0,0,0
1500451201,0,0,0
1500454801,0,0,0
1500458401,0,0,0
1500462002,0,0,0
1500465601,0,0,0
1500469201,16.8,31909,34
1500472801,160.8,48104,198
1500476403,69,48140,82
1500480001,295.8,47961,371
1500483601,296.4,47994,369
1500487209,308.4,48002,368
1500490801,121.8,47997,139
1500494401,10.2,48224,17
1500498001,0,0,0
1500501601,9.6,48088,17
1500505203,0,0,0
1500508801,9,47940,17
1500512402,0,0,0
1500516001,52.8,47986,81
1500519601,52.2,47916,76
1500523201,0,0,0
1500526801,0,0,0
1500530401,0,0,0
1500534001,0,0,0
1500537601,0,0,0
1500541201,0,0,0
1500544801,0,0,0
1500548401,0,0,0
1500552005,0,0,0
1500555601,0.6,10560,15
1500559201,0,0,0
1500562801,0,0,0
1500566409,0,0,0
1500570001,0,0,0
1500573604,12.6,48505,23
1500577201,2.4,48461,6
1500580801,17.4,48121,40
1500584404,15,47902,46
1500588003,0,0,0
1500591601,8.4,48090,17
1500595201,0,47552,1
1500598801,0,0,0
1500602404,0,0,0
1500606001,0,0,0
1500609601,0,0,0
1500613201,0,0,0
1500616801,0,0,0
1500620401,0,0,0
1500624001,0,0,0
1500627601,0,0,0
1500631201,0,0,0
1500634801,0,0,0
1500638404,0,0,0
1500642001,6.6,30070,31
1500645604,0,0,0
1500649204,0,0,0
1500652801,0,0,0
1500656407,1.8,50123,3
1500660001,0,0,0
1500663601,0,0,0
1500667201,0,0,0
1500670801,0,0,0
1500674401,2.4,49165,5
1500678001,0,0,0
1500681601,0,0,0
1500685201,0,0,0
1500688801,0,47563,3
1500692401,0,0,0
1500696001,0,0,0
1500699601,0,0,0
1500703201,0,0,0
1500706804,0,0,0
1500710401,0,0,0
1500714001,0,0,0
1500717601,0,0,0
1500721201,0,0,0
1500724804,0,0,0
1500728401,0.6,10772,15
1500732001,0,0,0
1500735601,0,0,0
1500739201,0,0,0
1500742804,0,0,0
1500746401,0,0,0
1500750001,0,0,0
1500753601,0,0,0
1500757201,0,0,0
1500760801,0,0,0
1500764401,52.2,48094,85
1500768004,7.8,47846,20
1500771601,12,48156,35
1500775201,7.8,48494,14
1500778801,1.8,47733,3
1500782401,0,0,0
1500786003,0,0,0
1500789601,0,0,0
1500793201,0,0,0
1500796804,0,0,0
1500800401,0,0,0
1500804001,0,0,0
1500807603,0,0,0
1500811201,0,0,0
1500814801,0.6,21413,7
1500818401,0,0,0
1500822001,0,0,0
1500825601,0,0,0
1500829201,0,0,0
1500832803,0,0,0
1500836402,0,0,0
1500840001,0,0,0
1500843601,0,0,0
1500847201,6.6,48260,15
1500850801,6.6,47845,19
1500854401,7.8,47808,18
1500858001,6.6,47815,15
1500861601,0,0,0
1500865205,6.6,47807,15
1500868801,0,0,0
1500872401,6.6,48259,15
1500876001,0,0,0
1500879601,0,0,0
1500883201,0,0,0
1500886801,0,0,0
1500890401,0,0,0
1500894001,0,0,0
1500897601,0,0,0
1500901201,148.2,47097,237
1500904801,7.2,47951,22
1500908404,0,0,0
1500912001,1.8,52464,2
1500915605,256.8,47972,322
1500919204,57.6,47969,76
1500922801,55.2,48306,68
1500926403,550.2,47897,662
1500930004,577.2,47919,730
1500933601,536.4,47912,719
1500937201,463.2,47933,626
1500940801,27.6,47949,38
1500944401,6,47872,8
1500948001,15,48189,31
1500951601,16.2,48461,33
1500955203,0,0,0
1500958801,0,0,0
1500962401,0,0,0
1500966001,9.6,49061,18
1500969601,0,0,0
1500973202,0,0,0
1500976805,0,0,0
1500980401,0,0,0
1500984001,0,47552,2
1500987601,140.4,45331,199
1500991203,375.6,49411,484
1500994804,535.2,49711,650
1500998401,288.6,49783,364
1501002006,24,49712,29
1501005604,21,50511,42
1501009204,10.8,50042,24
1501012801,0,0,0
1501016403,29.4,49811,42
1501020005,169.2,49955,275
1501023601,459.6,49714,636
1501027201,350.4,49787,500
1501030801,403.8,49712,574
1501034401,344.4,49736,494
1501038004,233.4,49800,350
1501041601,0,49392,2
1501045201,0,0,0
1501048801,0,0,0
1501052401,4.2,51237,6
1501056004,0,0,0
1501059602,0,0,0
1501063201,0,0,0
1501066805,0,0,0
1501070403,47.4,49805,64
1501074001,93,45640,135
1501077601,0,0,0
1501081209,0,49376,1
1501084801,187.8,49769,245
1501088401,238.8,49787,306
1501092003,200.4,49770,240
1501095601,325.8,49758,368
1501099203,307.8,49783,387
1501102802,5.4,49757,11
1501106401,37.8,49710,52
1501110001,262.8,49758,366
1501113601,259.8,49757,376
1501117201,251.4,49712,368
1501120803,271.8,49797,407
1501124401,0,0,0
1501128001,21,50183,34
1501131601,0,0,0
1501135201,0,0,0
1501138801,0,0,0
1501142401,0,0,0
1501146004,0,0,0
1501149601,0,0,0
1501153201,0,0,0
1501156801,0,0,0
1501160401,0.6,12420,15
1501164001,2.4,53243,3
1501167601,299.4,49723,371
1501171202,252,49795,335
1501174804,9.6,49693,19
1501178405,2.4,51104,4
1501182001,1.8,50347,3
1501185601,1.8,49685,3
1501189203,3.6,49686,5
1501192801,263.4,49779,353
1501196404,265.8,49777,367
1501200001,225.6,49730,322
1501203601,257.4,49743,368
1501207201,257.4,49790,367
1501210802,243,49794,352
1501214401,250.8,49849,369
1501218004,246,49791,369
1501221601,244.2,49791,367
1501225201,216.6,49816,329
1501228801,3.6,50651,6
1501232401,0,0,0
1501236001,0,0,0
1501239601,0,0,0
1501243204,4.2,49885,6
1501246801,0.6,13325,16
1501250404,33.6,50169,56
1501254003,2.4,50973,5
1501257601,8.4,49689,17
1501261201,7.2,50411,10
1501264801,8.4,50068,17
1501268403,8.4,49729,17
1501272001,19.2,49945,27
1501275601,0,0,0
1501279204,150,49740,213
1501282803,252,49789,367
1501286401,254.4,49806,368
1501290001,259.8,49760,383
1501293603,183,49775,273
1501297201,3.6,51589,3
1501300801,3,52763,3
1501304401,0,0,0
1501308001,1.8,51368,4
1501311601,0,49424,2
1501315201,0,0,0
1501318801,0,0,0
1501322401,0,0,0
1501326001,0,0,0
1501329601,0,0,0
1501333201,0.6,11576,15
1501336804,10.2,50703,19
1501340401,0,0,0
1501344005,0,0,0
1501347604,2.4,51882,5
1501351202,0,0,0
1501354801,0,0,0
1501358401,0,0,0
1501362004,0,0,0
1501365601,0,0,0
1501369201,0,0,0
1501372801,0,0,0
1501376401,0,0,0
1501380003,0,0,0
1501383603,0,0,0
1501387201,1.8,54312,2
1501390804,0,0,0
1501394401,0,0,0
1501398003,0,0,0
1501401601,0,0,0
1501405203,0,0,0
1501408801,0,0,0
1501412404,0,0,0
1501416004,0,0,0
1501419601,40.8,42368,77
1501423204,254.4,49864,368
1501426804,254.4,49915,375
1501430401,205.2,49894,303
1501434001,0,0,0
1501437601,1.8,49947,3
1501441201,0,49424,2
1501444801,15,52578,23
1501448401,0,49424,2
1501452003,0,0,0
1501455601,37.2,49747,81
1501459201,132.6,49765,238
1501462803,0,0,0
1501466403,0,0,0
1501470004,0,0,0
1501473601,0,0,0
1501477204,0,0,0
1501480801,0,0,0
1501484401,0,0,0
1501488001,0,0,0
1501491601,0,0,0
1501495201,0,0,0
1501498801,0,0,0
1501502401,5.4,51682,7
1501506001,0.6,12661,15
1501509601,1.8,50438,5
1501513201,19.8,49921,64
1501516801,1.8,53840,2
1501520401,0,0,0
1501524005,10.2,50309,17
1501527602,0,0,0
1501531204,9,49667,15
1501534801,0,0,0
1501538401,0,0,0
1501542004,0,49392,2
1501545603,13.2,49863,22
1501549201,282.6,49725,409
1501552801,27,49688,40
1501556404,8.4,49750,17
1501560003,9,50681,18
1501563601,6.6,50057,15
1501567201,0,0,0
1501570801,0,0,0
1501574401,0,0,0
1501578005,0,0,0
1501581601,0,0,0
1501585205,0,0,0
1501588804,0,0,0
1501592401,0.6,11358,15
1501596006,15,49876,26
1501599601,0,0,0
1501603205,0,0,0
1501606803,0,0,0
1501610404,10.8,50191,15
1501614006,0,0,0
1501617601,18.6,49936,34
1501621203,13.2,49676,25
1501624801,34.8,49978,76
1501628401,400.2,49841,580
1501632003,321,49858,453
1501635601,255,49963,351
1501639201,272.4,49951,368
1501642801,238.2,49948,344
1501646404,492.6,49723,728
1501650001,47.4,49716,71
1501653601,0,0,0
1501657201,0,0,0
1501660801,0,0,0
1501664401,0,0,0
1501668001,0,0,0
1501671601,0,0,0
1501675205,0,0,0
1501678801,0.6,12659,15
1501682405,0,0,0
1501686003,4.8,51142,8
1501689601,1.8,54000,2
1501693201,10.8,50283,20
1501696801,0,0,0
1501700401,10.2,49731,17
1501704005,0,0,0
1501707601,9.6,49738,17
1501711201,118.2,49774,157
1501714801,314.4,49869,455
1501718404,470.4,49840,662
1501722001,264,49925,377
1501725601,260.4,49924,368
1501729201,261.6,49943,385
1501732804,230.4,49847,337
1501736401,246,49789,369
1501740001,240.6,49777,368
1501743601,236.4,49779,362
1501747201,205.8,49785,315
1501750804,240.6,49776,368
1501754401,140.4,49778,216
1501758001,0,0,0
1501761601,0,0,0
1501765201,0.6,11139,15
1501768805,0,0,0
1501772401,0,0,0
1501776001,0,0,0
1501779601,259.2,50193,318
1501783201,46.2,50258,49
1501786801,73.8,50228,89
1501790404,386.4,49894,499
1501794006,142.2,49761,175
1501797601,1.2,49664,2
1501801203,240.6,49775,333
1501804801,16.8,50117,24
1501808401,18,50259,52
1501812001,0,0,0
1501815601,1.2,51984,2
1501819201,76.8,49994,120
1501822801,242.4,49900,369
1501826402,241.8,49915,369
1501830001,243,49812,371
1501833601,239.4,49776,368
1501837204,214.2,49784,332
1501840801,240,49790,368
1501844401,247.2,49765,366
1501848005,190.2,49784,272
1501851605,0.6,14957,16
1501855205,0,0,0
1501858801,0,0,0
1501862401,4.2,52043,6
1501866001,3,49712,4
1501869601,0,0,0
1501873201,1.8,50595,5
1501876804,14.4,49968,18
1501880402,281.4,49773,390
1501884004,271.2,49723,368
1501887601,264,49763,367
1501891204,261.6,49787,370
1501894802,135,49808,192
1501898403,267,49787,368
1501902001,217.2,49786,318
1501905601,250.2,49831,365
1501909201,245.4,49790,369
1501912801,243.6,49789,368
1501916401,240,49777,368
1501920001,238.8,49765,368
1501923601,196.2,49762,302
1501927201,2.4,50864,4
1501930801,4.2,50400,12
1501934401,0,0,0
1501938004,0.6,11357,15
1501941601,3.6,49686,5
1501945201,0,0,0
1501948801,9,50251,17
1501952401,174.6,49751,260
1501956001,249,49762,368
1501959601,33,49900,49
1501963203,0,0,0
1501966804,0,0,0
1501970401,0,0,0
1501974004,0,0,0
1501977601,37.2,49712,54
1501981201,247.8,49770,374
1501984801,8.4,50186,18
1501988401,0,0,0
1501992001,0,0,0
1501995601,0,0,0
1501999201,0,0,0
1502002801,0,0,0
1502006401,0,0,0
1502010004,0,0,0
1502013603,0,0,0
1502017204,0,0,0
1502020805,0,0,0
1502024401,0.6,10924,15
1502028001,0,0,0
1502031601,0,0,0
1502035201,0,0,0
1502038801,0,0,0
1502042401,0,49408,1
1502046001,0,0,0
1502049601,1.8,53864,2
1502053204,2.4,51896,6
1502056801,1.8,49888,9
1502060404,1.2,50165,6
1502064003,6.6,49625,15
1502067602,6.6,49694,15
1502071201,0,0,0
1502074801,7.8,49936,18
1502078401,0,0,0
1502082001,0,0,0
1502085601,0,0,0
1502089201,0,0,0
1502092804,6.6,50260,15
1502096401,0,0,0
1502100001,0,0,0
1502103604,0,0,0
1502107201,0,0,0
1502110806,0.6,10929,15
1502114406,15.6,50207,28
1502118007,66,49868,86
1502121604,45,50000,72
1502125206,8.4,50157,15
1502128805,27,50204,62
1502132401,52.8,50107,147
1502136001,0,0,0
1502139603,15.6,50413,29
1502143201,60,49888,83
1502146804,45.6,49892,66
1502150404,10.2,50478,22
1502154001,250.8,49859,346
1502157603,134.4,50145,207
1502161201,15,50452,33
1502164803,7.2,50642,15
1502168401,0,0,0
1502172001,11.4,49882,25
1502175601,0,0,0
1502179201,0,0,0
1502182801,0,0,0
1502186401,0,0,0
1502190001,0,0,0
1502193606,0,0,0
1502197204,5.4,26401,24
1502200803,6,50278,17
1502204404,15.6,50128,35
1502208001,9,50251,17
1502211601,9.6,50395,17
1502215204,0,0,0
1502218801,1.8,49648,2
1502222401,9,50914,14
1502226004,9,49649,17
1502229605,165.6,49755,284
1502233201,1018.8,49747,1485
1502236804,1105.8,49774,1620
1502240401,614.4,49742,847
1502244001,568.2,49735,793
1502247601,531,49745,761
1502251201,114,49789,166
1502254801,0,0,0
1502258401,0,0,0
1502262002,0,0,0
1502265606,0,0,0
1502269206,0,0,0
1502272801,0,0,0
1502276403,0,0,0
1502280001,0,0,0
1502283605,0.6,12664,15
1502287201,0,0,0
1502290808,10.2,50076,17
1502294401,0,0,0
1502298005,0,0,0
1502301604,0,0,0
1502305201,10.8,50432,17
1502308801,8.4,49704,17
1502312406,9.6,49990,17
1502316005,0,0,0
1502319601,70.2,50014,98
1502323203,105.6,49726,152
1502326801,0,0,0
1502330402,0,0,0
1502334004,0,0,0
1502337601,0,0,0
1502341201,0,0,0
1502344803,2.4,52860,4
1502348401,0,0,0
1502352002,0,0,0
1502355601,0,0,0
1502359201,0,0,0
1502362801,0,0,0
1502366403,6,50622,10
1502370006,6,27707,26
1502373601,0,0,0
1502377205,0,0,0
1502380804,0,0,0
1502384403,195.6,49810,262
1502388004,19.2,49738,24
1502391604,10.2,49704,17
1502395210,3,51131,6
1502398804,280.8,49802,363
1502402401,162,49874,223
1502406002,0,0,0
1502409606,0,0,0
1502413204,1.2,51147,3
1502416801,0,0,0
1502420401,0,0,0
1502424001,0,0,0
1502427604,0,0,0
1502431203,0,0,0
1502434803,0,0,0
1502438402,0,0,0
1502442004,2.4,51800,4
1502445604,0,0,0
1502449203,1.2,49728,2
1502452808,0,0,0
1502456401,0.6,12233,15
1502460004,10.2,50273,22
1502463601,0,0,0
1502467204,2.4,52512,3
1502470803,0,0,0
1502474404,3.6,51006,7
1502478001,0,0,0
1502481605,0,0,0
1502485201,0,0,0
1502488801,0,0,0
1502492401,0,0,0
1502496001,0,0,0
1502499604,0,0,0
1502503201,0,0,0
1502506804,0,0,0
1502510403,0,0,0
1502514003,0,0,0
1502517601,0,0,0
1502521203,0,0,0
1502524803,0,0,0
1502528401,0,0,0
1502532003,0,0,0
1502535601,0,0,0
1502539201,0,0,0
1502542801,0.6,11146,15
1502546401,0,0,0
1502550001,0,0,0
1502553604,0,0,0
1502557201,0,0,0
1502560801,0,0,0
1502564401,0,0,0
1502568001,0,0,0
1502571602,0,0,0
1502575204,0,0,0
1502578801,0,0,0
1502582401,7.8,50539,15
1502586003,0,0,0
1502589601,1.2,50603,3
1502593203,0,0,0
1502596804,0,0,0
1502600401,0,0,0
1502604005,0,0,0
1502607603,0,0,0
1502611201,0,0,0
1502614805,0,0,0
1502618403,0,0,0
1502622001,0,0,0
1502625605,0,0,0
1502629205,0.6,10713,15
1502632801,0,0,0
1502636404,0,0,0
1502640001,0,0,0
1502643601,0,0,0
1502647201,0,0,0
1502650803,0,0,0
1502654401,0,0,0
1502658001,0,0,0
1502661601,0,0,0
1502665201,0,0,0
1502668801,4.2,51290,8
1502672403,0,0,0
1502676001,0,0,0
1502679604,0,0,0
1502683201,1.2,49664,2
1502686801,0,0,0
1502690401,0,0,0
1502694002,0,0,0
1502697601,0,0,0
1502701205,0,0,0
1502704804,0,0,0
1502708402,0,0,0
1502712001,0,0,0
1502715601,21,37850,48
1502719207,0,0,0
1502722803,0,0,0
1502726404,0,0,0
1502730005,0,0,0
1502733601,0,0,0
1502737207,0,0,0
1502740801,0,0,0
1502744406,9,50175,15
1502748001,0,0,0
1502751603,4.2,50621,10
1502755204,0,0,0
1502758801,1.2,49883,3
1502762403,0,0,0
1502766003,7.2,49945,15
1502769601,0,0,0
1502773206,0,0,0
1502776804,0,0,0
1502780401,0,0,0
1502784004,0,0,0
1502787601,0,0,0
1502791201,0,0,0
1502794805,0,0,0
1502798401,9.6,50440,17
1502802005,0.6,11148,15
1502805604,7.2,49634,15
1502809201,21,50436,45
1502812801,8.4,50521,16
1502816401,8.4,50094,15
1502820001,0,0,0
1502823602,10.8,50789,16
1502827204,20.4,50339,35
1502830806,10.8,50718,20
1502834405,22.2,50101,42
1502838001,285,49751,386
1502841604,116.4,49818,183
1502845201,0,0,0
1502848802,0,0,0
1502852404,0,0,0
1502856001,9.6,50379,13
1502859601,42,49816,62
1502863201,0,0,0
1502866801,0,0,0
1502870403,0,0,0
1502874003,0,0,0
1502877602,0,0,0
1502881201,0,0,0
1502884805,1.8,52088,2
1502888406,14.4,37782,47
1502892001,3.6,51149,6
1502895605,4.2,50725,9
1502899204,0,0,0
1502902801,31.8,49952,67
1502906408,0,0,0
1502910001,9.6,49653,17
1502913608,0,0,0
1502917201,117,49772,149
1502920801,22.8,50018,32
1502924404,198.6,49776,275
1502928004,18,50141,36
1502931601,43.2,49718,60
1502935201,3.6,49593,12
1502938803,3.6,49640,12
1502942401,1.8,54344,2
1502946001,0,0,0
1502949603,0,0,0
1502953203,7.2,51433,12
1502956805,25.2,50319,45
1502960401,0,0,0
1502964002,0,0,0
1502967605,0,0,0
1502971201,0,0,0
1502974807,0.6,12670,15
1502978407,0,0,0
1502982001,0,0,0
1502985601,3.6,51975,7
1502989201,27,50807,39
1502992807,13.8,50573,17
1502996404,13.8,50178,24
1503000002,160.2,49748,220
1503003601,8.4,49704,17
1503007201,0,0,0
1503010803,6.6,49739,22
1503014401,2.4,50139,6
1503018001,9,49706,17
1503021604,7.8,49704,17
1503025203,0,0,0
1503028801,0,0,0
1503032402,0,0,0
1503036003,0,0,0
1503039601,0,0,0
1503043202,0,0,0
1503046801,2.4,52491,3
1503050402,0,0,0
1503054005,0,0,0
1503057605,0,0,0
1503061206,0.6,11584,15
1503064801,0,0,0
1503068401,0,0,0
1503072004,0,0,0
1503075604,10.2,50162,17
1503079201,6,49917,16
1503082805,9,49990,17
1503086401,0,0,0
1503090001,8.4,49704,17
1503093601,0,0,0
1503097202,0,0,0
1503100804,0,0,0
1503104401,0,0,0
1503108003,0,0,0
1503111604,0,0,0
1503115203,0,0,0
1503118801,0,0,0
1503122401,0,0,0
1503126003,0,0,0
1503129601,0,0,0
1503133203,0,0,0
1503136801,0,0,0
1503140401,0,0,0
1503144001,0,0,0
1503147601,0.6,10986,5
1503151203,0,0,0
1503154801,0,0,0
1503158403,13.2,50507,25
1503162004,118.8,49816,177
1503165601,4.8,50144,11
1503169205,23.4,50362,80
1503172801,0,0,0
1503176406,0,0,0
1503180004,0,0,0
1503183601,6.6,50261,9
1503187201,0,0,0
1503190801,0,0,0
1503194404,0,0,0
1503198004,0,0,0
1503201601,0,0,0
1503205203,0,0,0
1503208801,1.8,52373,3
1503212401,0,0,0
1503216004,0,0,0
1503219604,0,0,0
1503223205,0,0,0
1503226805,0,0,0
1503230405,0,0,0
1503234004,0.6,11367,15
1503237601,0,0,0
1503241204,3,51968,6
1503244801,0,0,0
1503248401,2.4,52872,4
1503252001,0,0,0
1503255601,0,0,0
1503259201,0,0,0
1503262801,190.2,49830,272
1503266404,267.6,49775,383
1503270004,43.2,49845,63
1503273604,0,0,0
1503277201,6.6,49945,15
1503280802,6.6,49617,15
1503284403,9,49901,18
1503288004,10.2,50507,21
1503291605,0,0,0
1503295201,0,0,0
1503298801,3,51957,3
1503302405,0,0,0
1503306001,0,0,0
1503309605,0,0,0
1503313205,0,0,0
1503316805,0,0,0
1503320405,0.6,11150,15
1503324009,7.2,50913,12
1503327606,0,49376,2
1503331201,0,0,0
1503334807,12,50463,26
1503338401,17.4,50329,22
1503342001,8.4,50224,15
1503345606,22.2,49911,35
1503349207,9,49945,15
1503352801,1.8,49664,2
1503356401,5.4,51395,11
1503360006,259.8,49738,354
1503363604,109.2,49789,155
1503367206,16.8,49978,34
1503370807,6.6,49617,15
1503374403,7.8,50217,15
1503378001,7.2,50112,15
1503381601,0,0,0
1503385201,0,0,0
1503388801,0,0,0
1503392401,0,0,0
1503396003,0,0,0
1503399604,0,0,0
1503403208,0,0,0
1503406811,2.4,17056,17
1503410406,4.8,49602,8
1503414004,0,0,0
1503417601,3.6,52544,6
1503421207,7.2,50986,18
1503424806,6,51753,7
1503428405,31.2,50237,61
1503432006,139.2,49803,180
1503435606,128.4,49829,161
1503439203,238.2,49749,320
1503442801,397.8,49780,551
1503446404,169.2,49737,232
1503450001,146.4,49765,197
1503453601,83.4,49778,115
1503457201,45.6,49717,67
1503460803,103.2,49984,149
1503464404,66,49916,99
1503468001,0,0,0
1503471601,0,0,0
1503475203,0,0,0
1503478805,0,0,0
1503482401,0,0,0
1503486001,0,0,0
1503489601,0,0,0
1503493205,7.2,29444,27
1503496804,0,0,0
1503500406,2.4,49733,3
1503504001,0,0,0
1503507607,9,50162,17
1503511204,0,0,0
1503514811,0,0,0
1503518405,4.8,50012,8
1503522007,0,0,0
1503525604,8.4,49990,17
1503529201,9,49718,19
1503532803,10.2,49655,30
1503536405,11.4,49900,24
1503540006,1.8,51301,3
1503543601,0,0,0
1503547202,1.2,52088,2
1503550803,0,0,0
1503554401,0,0,0
1503558002,0,0,0
1503561602,0,0,0
1503565202,0,0,0
1503568803,0,0,0
1503572409,0,0,0
1503576003,0,0,0
1503579606,12,33613,34
1503583205,1.8,49664,2
1503586804,9,49706,17
1503590405,9,50249,17
1503594006,0,0,0
1503597608,0,0,0
1503601204,8.4,50415,15
1503604804,9,49646,15
1503608401,0,0,0
1503612001,8.4,50120,16
1503615604,2.4,49619,5
1503619201,0,0,0
1503622804,1.2,53680,2
1503626403,0,0,0
1503630001,7.8,49704,17
1503633601,0,0,0
1503637202,0,0,0
1503640801,0,0,0
1503644402,0,0,0
1503648004,0,0,0
1503651601,0,0,0
1503655201,0,0,0
1503658801,0,0,0
1503662404,0,0,0
1503666005,10.2,31957,31
1503669610,0,0,0
1503673201,0,0,0
1503676805,1.8,51184,5
1503680409,0,49424,2
1503684008,0,0,0
1503687601,9,50400,15
1503691201,0,0,0
1503694805,0,0,0
1503698401,0,0,0
1503702003,0,0,0
1503705601,1.2,51968,2
1503709204,0,0,0
1503712801,6.6,49859,15
1503716401,1.8,49844,4
1503720001,0,0,0
1503723602,9.6,51596,19
1503727202,0,0,0
1503730801,0,0,0
1503734403,0,0,0
1503738005,0,0,0
1503741602,0,0,0
1503745205,0,0,0
1503748801,6,50512,15
1503752404,0.6,11802,15
1503756004,0,0,0
1503759605,1.8,49685,3
1503763201,1.8,53925,3
1503766801,0,0,0
1503770406,0,0,0
1503774001,0,0,0
1503777606,0,0,0
1503781204,0,0,0
1503784805,3.6,51267,6
1503788404,0,0,0
1503792001,0,0,0
1503795601,0,0,0
1503799204,6.6,49653,15
1503802803,0,0,0
1503806404,0,0,0
1503810001,0,0,0
1503813605,0,0,0
1503817201,0,0,0
1503820801,2.4,52491,3
1503824404,0,0,0
1503828005,0,0,0
1503831604,0,0,0
1503835204,0,0,0
1503838801,0.6,11996,15
1503842401,0,0,0
1503846005,0,0,0
1503849601,2.4,52496,3
1503853202,0,0,0
1503856804,0,0,0
1503860401,0,0,0
1503864004,0,0,0
1503867605,1.2,53176,2
1503871203,10.2,50051,31
1503874804,20.4,49767,39
1503878401,14.4,49955,30
1503882001,0,49376,2
1503885601,13.2,49634,30
1503889204,6.6,49859,15
1503892801,7.8,50210,15
1503896402,7.2,50112,15
1503900001,0,0,0
1503903604,0,0,0
1503907201,0,0,0
1503910806,0,0,0
1503914401,0,0,0
1503918001,0,0,0
1503921602,0,0,0
1503925205,0.6,11586,15
1503928804,7.8,49828,15
1503932401,0,0,0
1503936004,0,0,0
1503939604,0,0,0
1503943207,27.6,50164,49
1503946811,11.4,49956,18
1503950407,9.6,50099,17
1503954008,14.4,50258,24
1503957605,2.4,51141,3
1503961205,0,0,0
1503964804,0,0,0
1503968404,0,0,0
1503972005,3.6,49654,8
1503975604,7.2,49617,15
1503979201,0,0,0
1503982801,7.2,50210,15
1503986401,6.6,49634,15
1503990001,6.6,49627,15
1503993604,6,49634,15
1503997201,0,0,0
1504000803,1.8,49685,3
1504004405,0,0,0
1504008001,0,0,0
1504011605,0.6,11804,15
1504015204,0,0,0
1504018806,0,0,0
1504022404,0,0,0
1504026001,8.4,51349,13
1504029601,21,49812,35
1504033201,17.4,49812,31
1504036805,10.8,49990,17
1504040406,0,0,0
1504044005,120,49758,127
1504047603,0,0,0
1504051205,0,0,0
1504054803,8.4,49710,17
1504058406,2.4,49844,4
1504062005,15.6,49680,31
1504065604,7.8,50191,15
1504069201,0,0,0
1504072801,0,0,0
1504076401,0,0,0
1504080004,0,0,0
1504083606,0,0,0
1504087204,0,0,0
1504090805,0,0,0
1504094405,0,0,0
1504098001,0.6,11369,15
1504101604,0,0,0
1504105205,0,0,0
1504108801,9.6,50375,17
1504112405,9.6,50068,17
1504116005,0,0,0
1504119606,7.8,49621,15
1504123205,0,0,0
1504126805,0,0,0
1504130403,0,0,0
1504134005,0,0,0
1504137605,0,0,0
1504141205,7.2,49602,15
1504144801,0,0,0
